重力补偿式驱动 T(t) = Tdc + Tamp*sin(2*pi*f*t)   (髋轴静止重力矩 tau_g(0) = -0.438275 N*m)
所以 Tdc = +0.438275 让 q=0 成为平衡点，腿在零位附近往复 —— 这才像步态摆动。

 Tdc     Tamp    f[Hz]  max|q|[rad]   qmax      qmin      tumble
0.4383    0.10   0.30      42.1515  +42.1515   -0.8444   YES
0.4383    0.15   0.30     327.3786 +327.3786   +0.0000   YES
0.4383    0.20   0.30     365.6625 +365.6625   +0.0000   YES
0.4383    0.25   0.30     391.3680 +391.3680   +0.0000   YES
0.4383    0.30   0.30     411.9907 +411.9907   +0.0000   YES
0.4383    0.10   0.40     142.6951 +142.6951   -0.9426   YES
0.4383    0.15   0.40     330.3755 +330.3755   +0.0000   YES
0.4383    0.20   0.40     364.8070 +364.8070   +0.0000   YES
0.4383    0.25   0.40     386.0505 +386.0505   +0.0000   YES
0.4383    0.30   0.40     402.4103 +402.4103   +0.0000   YES
0.4383    0.10   0.50     192.3384 +192.3384   -0.9452   YES
0.4383    0.15   0.50     328.9893 +328.9893   +0.0000   YES
0.4383    0.20   0.50     367.3213 +367.3213   +0.0000   YES
0.4383    0.25   0.50     387.5691 +387.5691   +0.0000   YES
0.4383    0.30   0.50     402.5415 +402.5415   +0.0000   YES
0.4383    0.10   0.60     216.1396 +216.1396   -0.8977   YES
0.4383    0.15   0.60     164.5822 +164.5822   -0.6712   YES
0.4383    0.20   0.60     367.1894 +367.1894   +0.0000   YES
0.4383    0.25   0.60     387.9933 +387.9933   +0.0000   YES
0.4383    0.30   0.60     402.3257 +402.3257   +0.0000   YES

稳态振幅（丢掉前 1.0 s 瞬态）:
 Tdc     Tamp    f[Hz]  max|q|[rad]   qmax      qmin
0.4383    0.10   0.30     180.3762 +180.3762   -0.8444
0.4383    0.15   0.30     633.1046 +633.1046   +0.0000
0.4383    0.20   0.30     684.3783 +684.3783   +0.0000
0.4383    0.25   0.30     717.9221 +717.9221   +0.0000
0.4383    0.10   0.40     365.3574 +365.3574   -0.9426
0.4383    0.15   0.40     642.4517 +642.4517   +0.0000
0.4383    0.20   0.40     689.7924 +689.7924   +0.0000
0.4383    0.25   0.40     718.6963 +718.6963   +0.0000
0.4383    0.10   0.50     442.9443 +442.9443   -0.9452
0.4383    0.15   0.50     641.0872 +641.0872   +0.0000
0.4383    0.20   0.50     693.8447 +693.8447   +0.0000
0.4383    0.25   0.50     721.4364 +721.4364   +0.0000